11 0.1602053404454616 0.6253444115377623 0.07908758048297371 0.1466794584799053
11 0.2081471936600692 0.4819272257522114 0.0704245657278113 0.1381515829868878
20 0.40056497175141237 0.612567956507835 0.11186440677966104 0.0494616778595033
20 0.46101694915254227 0.28765590022385673 0.0564971751412429 0.047756102760899706
20 0.5141242937853108 0.251838823153182 0.0361581920903955 0.04775610276089967
20 0.5440677966101692 0.2842447500266493 0.0192090395480225 0.03752265216927834
20 0.5655367231638417 0.31323952670291016 0.021468926553672246 0.01705575098603564
20 0.5480225988700564 0.3328536403368511 0.009039548022598822 0.015350175887432087
20 0.5666666666666665 0.4087517322247095 0.014689265536723112 0.0443449525636926
20 0.587005649717514 0.4206907579149344 0.014689265536723254 0.02046690118324278
20 0.4734463276836158 0.6338876452403795 0.03389830508474567 0.054578403155313995
20 0.45988700564971746 0.5758980918878583 0.020338983050847474 0.030700351774863962
20 0.5016949152542373 0.5528728280567105 0.020338983050847474 0.035817077070674726
20 0.29435028248587564 0.5042639377465089 0.016949152542372906 0.027289201577656925
20 0.3146892655367231 0.5298475642255623 0.01242937853107346 0.02387805138044989
20 0.3146892655367231 0.4923249120562839 0.014689265536723149 0.02387805138044989
20 0.319774011299435 0.45394947233770383 0.013559322033898305 0.018761326084639124
20 0.33220338983050846 0.33285364033685105 0.015819209039547956 0.02899477667626055
20 0.40338983050847455 0.24160537256156062 0.01129943502824858 0.02728920157765696
20 0.4519774011299434 0.23393028461784454 0.013559322033898197 0.02558362647905337
20 0.3734463276836158 0.24331094766016415 0.01920903954802256 0.020466901183242747
