15 0.4079433497536947 0.5894909688013137 0.13054187192118227 0.19047619047619044
15 0.5613300492610837 0.6133004926108377 0.08920361247947449 0.19868637110016465
23 0.5004105090311988 0.5829228243021346 0.030459770114942587 0.03940886699507395
23 0.5357655993431857 0.4252873563218391 0.01631773399014783 0.05254515599343186
23 0.5662253694581282 0.34318555008210183 0.011966338259441756 0.049261083743842346
7 0.5694889162561577 0.7528735632183907 0.07288587848932672 0.07717569786535307
7 0.5058497536945814 0.6773399014778324 0.03698686371100166 0.07389162561576341
23 0.635303776683087 0.47126436781609193 0.008702791461412077 0.022988505747126454
23 0.6178981937602629 0.49014778325123154 0.01305418719211822 0.018062397372742255
23 0.45580870279146146 0.6929392446633825 0.013054187192118292 0.022988505747126454
