23 0.21525423728813556 0.7771559535230784 0.025988700564971764 0.07163415414134945
23 0.21525423728813553 0.7174608250719539 0.02146892655367232 0.04434495256369246
23 0.2587570621468926 0.7200191877198593 0.04745762711864405 0.06992857904274587
23 0.24463276836158188 0.7831254663681909 0.03728813559322038 0.052872828056710404
23 0.1677966101694915 0.6381515829868882 0.03276836158192088 0.12109583200085268
23 0.1446327683615819 0.5980705681697047 0.04519774011299438 0.06140070354972813
23 0.19887005649717512 0.6526489713250185 0.02711864406779661 0.057989553352521025
23 0.19209039548022594 0.5861315424794797 0.03163841807909606 0.04434495256369253
23 0.19548022598870055 0.5281419891269588 0.06327683615819207 0.07163415414134952
23 0.255367231638418 0.4539494723377039 0.04067796610169488 0.0358170770706748
13 0.15762711864406775 0.7950644920584159 0.07796610169491522 0.05287282805671026
13 0.1796610169491525 0.7319582134100842 0.05197740112994348 0.05969512845112476
13 0.3169491525423728 0.8070035177486409 0.10960451977401131 0.10404008101481722
13 0.17118644067796607 0.488060974309775 0.0508474576271186 0.04605052766229612
13 0.12994350282485873 0.6466794584799063 0.04067796610169491 0.03922822726788191
13 0.2689265536723164 0.5486088903102014 0.12429378531073447 0.26606971538215546
13 0.33785310734463253 0.7131968873254445 0.10621468926553664 0.07333972923995269
13 0.39039548022598863 0.6245069821980599 0.1186440677966101 0.09380663042319597
13 0.4271186440677933 0.7302526383114756 0.038418079096043965 0.11427353160643619
13 0.4920903954802259 0.6952883487901076 0.02824858757062145 0.07163415414134945
13 0.47627118644067784 0.6466794584799063 0.025988700564971764 0.02558362647905348
13 0.45819209039548014 0.6210958320008527 0.012429378531073424 0.035817077070674726
13 0.5197740112994349 0.4897665494083786 0.022598870056497234 0.028994776676260586
13 0.5943502824858756 0.5127918132395267 0.018079096045197786 0.04093380236648549
13 0.698870056497175 0.5093806630423195 0.014689265536723183 0.057989553352521025
13 0.7022598870056496 0.36184841701311155 0.02598870056497162 0.0221724762818463
13 0.18022598870056492 0.27742244963223534 0.016949152542372836 0.030700351774864066
13 0.13050847457627116 0.27742244963223534 0.01694915254237287 0.034111501972071176
8 0.3562100879973263 0.5705031798267582 0.08813559322033843 0.17182669274154583
