20 0.46254497289987595 0.7593784523088388 0.2982062657384094 0.2899477667626047
20 0.3367231638418079 0.4496855345911949 0.02711864406779668 0.07163415414134952
20 0.3807128901824904 0.4121683544342056 0.06101694915254224 0.05628397825391742
20 0.5096045197740112 0.36184841701311155 0.04293785310734464 0.03240592687346769
20 0.5457627118644066 0.37890416799914717 0.01129943502824858 0.02217247628184623
20 0.5819209039548022 0.4411576590981771 0.02485875706214692 0.047756102760899706
20 0.4819209039548022 0.4061933695768042 0.05084745762711861 0.04946167785950323
20 0.5220338983050847 0.4565078349856091 0.04745762711864408 0.10574565611342074
20 0.3621468926553672 0.5375226521692783 0.06214689265536719 0.08357317983157443
20 0.4225988700564971 0.4991472124506982 0.020338983050847474 0.05116725295810681
