20 0.3762711864406779 0.5835731798315744 0.09943502824858755 0.2814198912695875
20 0.471186440677966 0.6193902569022492 0.1152542372881355 0.14838503357850988
20 0.5158192090395479 0.4812386739153608 0.06440677966101696 0.16202963436733817
20 0.5604519774011298 0.5869843300287816 0.018079096045197786 0.02558362647905355
20 0.5655367231638417 0.5366698646199766 0.012429378531073353 0.030700351774864174
20 0.5570621468926552 0.37549301780194 0.011299435028248652 0.035817077070674726
20 0.5118644067796609 0.7166080375226521 0.029378531073446366 0.025583626479053406
20 0.4559322033898304 0.7541306896919305 0.016949152542372944 0.03581707707067494
20 0.31355932203389825 0.5289947766762605 0.019209039548022597 0.022172476281846373
20 0.5819209039548022 0.5835731798315744 0.011299435028248652 0.025583626479053406
20 0.5446327683615818 0.6210958320008527 0.03163841807909606 0.052872828056710404
20 0.4005649717514123 0.4283658458586504 0.03954802259887011 0.03240592687346769
20 0.36271186440677966 0.430071420957254 0.04067796610169488 0.042639377465089015
20 0.45649717514124283 0.5025583626479053 0.018079096045197786 0.03752265216927825
20 0.4734463276836158 0.4394520839995736 0.020338983050847546 0.03752265216927825
20 0.43672316384180787 0.44201044664747896 0.023728813559322007 0.07333972923995312
