20 0.42711864406779654 0.646679458479906 0.01129943502824858 0.03240592687346762
20 0.483050847457627 0.6458266709306044 0.010169491525423737 0.027289201577657067
20 0.4429378531073445 0.527289201577657 0.009039548022598822 0.02558362647905348
20 0.40564971751412426 0.4812386739153608 0.009039548022598822 0.0221724762818463
20 0.4192090395480226 0.48635539921117155 0.009039548022598822 0.018761326084639124
20 0.34180790960451973 0.6065984436627224 0.010169491525423808 0.02387805138044982
20 0.4005649717514123 0.6142735316064385 0.007909604519774049 0.018761326084639193
20 0.37288135593220334 0.5946594179724976 0.01355932203389834 0.017055750986035605
20 0.2474576271186439 0.7396333013537997 0.029378531073446276 0.10574565611342107
20 0.3092224911030057 0.7671722113925488 0.05649717514124268 0.050459254501279895
20 0.407909604519774 0.7601002025370428 0.018079096045197786 0.017055750986035748
20 0.42711864406779654 0.7259887005649717 0.02259887005649716 0.027289201577656855
