8 0.41804878362214465 0.5854292558873607 0.12368292436706226 0.2337877441458033
8 0.37816091954022996 0.5804597701149425 0.004351395730706003 0.006568144499178957
13 0.32376847290640415 0.6995073891625623 0.13924466338259442 0.23809523809523894
13 0.2759031198686371 0.5270935960591133 0.05439244663382592 0.04433497536945822
13 0.32648809523809524 0.4605911330049261 0.025020525451559906 0.062397372742200405
13 0.3661945812807882 0.43431855500821015 0.02393267651888337 0.022988505747126454
13 0.395022577996716 0.4376026272577997 0.016317733990147756 0.026272577996715896
13 0.5000000000000001 0.5205254515599343 0.021756978653530438 0.03448275862068968
13 0.550584975369458 0.6346469622331692 0.020669129720853833 0.032840722495894994
13 0.44397577996715937 0.7955665024630543 0.1033456486042693 0.13464696223316908
13 0.3661945812807882 0.8891625615763548 0.02610837438423651 0.026272577996715965
13 0.42602627257799675 0.7208538587848934 0.013054187192118292 0.03776683087027919
