13 0.5549363711001644 0.5246305418719213 0.1381568144499179 0.11494252873563218
13 0.6718801313628902 0.4967159277504105 0.06309523809523811 0.04269293924466339
13 0.6631773399014779 0.30623973727422005 0.13489326765188842 0.23973727422003283
10 0.3977422003284073 0.20032840722495895 0.03698686371100159 0.03448275862068968
10 0.5141420361247948 0.2405582922824302 0.034811165845648515 0.04926108374384239
10 0.5418821839080461 0.17569786535303777 0.01631773399014783 0.050903119868637124
10 0.5641830870279146 0.20771756978653527 0.02828407224958937 0.029556650246305445
10 0.4466954022988506 0.33825944170771755 0.054392446633825954 0.05090311986863714
10 0.44125615763546805 0.44006568144499186 0.02175697865353037 0.03776683087027927
10 0.4749794745484401 0.2405582922824302 0.019581280788177367 0.029556650246305372
10 0.45539819376026275 0.28571428571428575 0.017405582922824295 0.02134646962233173
10 0.39556650246305425 0.3637110016420361 0.015229885057471294 0.032840722495894925
13 0.4369047619047619 0.3144499178981938 0.11748768472906412 0.4269293924466339
13 0.5424261083743843 0.23645320197044334 0.10443349753694584 0.18883415435139572
13 0.5163177339901478 0.33825944170771755 0.03481116584564859 0.03448275862068968
13 0.3525964696223317 0.3990147783251231 0.035899014778325126 0.05418719211822662
13 0.4477832512315271 0.9006568144499179 0.02610837438423644 0.05582922824302131
13 0.3602114121510674 0.2668308702791461 0.022844827586206904 0.02298850574712649
13 0.36728243021346474 0.3169129720853859 0.015229885057471223 0.041050903119868566
