20 0.5033898305084745 0.6313292825924741 0.01694915254237287 0.04605052766229619
20 0.5327683615819209 0.5963649930711011 0.025988700564971837 0.03752265216927832
20 0.5508474576271185 0.6193902569022492 0.010169491525423666 0.015350175887432087
20 0.5638418079096045 0.5810148171836691 0.020338983050847474 0.02387805138044996
20 0.5627118644067797 0.5562839782539174 0.01581920903954803 0.04263937746508894
20 0.5203389830508474 0.5383754397185802 0.025988700564971694 0.03752265216927832
20 0.5231638418079094 0.2126105958853001 0.01129943502824858 0.01705575098603557
20 0.5412429378531073 0.2109050207866965 0.011299435028248652 0.013644600788828462
20 0.4225988700564971 0.2228440464769214 0.009039548022598893 0.01705575098603557
20 0.5412429378531073 0.30556443875919415 0.01581920903954803 0.011939025690224946
20 0.551412429378531 0.33626479053405817 0.01129943502824851 0.04263937746508897
20 0.5197740112994349 0.8325871442276943 0.058757062146892663 0.06651742884553884
20 0.37288135593220334 0.2919198379703656 0.01129943502824858 0.01193902569022491
20 0.36723163841807904 0.33029527768894573 0.01581920903954803 0.013644600788828428
20 0.3666666666666666 0.41727960771772726 0.010169491525423808 0.017055750986035605
20 0.3745762711864406 0.4675940731265323 0.014689265536723183 0.015350175887432016
20 0.3841807909604519 0.5119390256902249 0.018079096045197716 0.015350175887432016
20 0.43559322033898296 0.6313292825924741 0.012429378531073496 0.02217247628184623
20 0.4141242937853107 0.6048928685641191 0.007909604519773978 0.02387805138044982
20 0.41977401129943487 0.5741925167892549 0.0169491525423728 0.04434495256369253
20 0.4881355932203389 0.2373414348150517 0.020338983050847474 0.018761326084639086
