1 0.5667692939244664 0.413793103448276 0.10878489326765184 0.14121510673234816
23 0.5288279967159277 0.7003284072249589 0.011966338259441614 0.03284072249589485
23 0.5484092775041052 0.6773399014778326 0.009790640394088754 0.026272577996715965
23 0.5766933497536947 0.6855500821018063 0.046777504105090274 0.032840722495894994
23 0.39937397372742206 0.4893267651888341 0.01849343185550083 0.03776683087027912
23 0.40970853858784895 0.5328407224958949 0.01305418719211822 0.026272577996715965
23 0.5756055008210181 0.2914614121510673 0.011966338259441756 0.026272577996715896
23 0.5805008210180626 0.3185550082101806 0.02610837438423637 0.03448275862068964
23 0.5108784893267653 0.3045977011494253 0.017405582922824365 0.019704433497536974
23 0.6207512315270937 0.6067323481116584 0.02175697865353058 0.016420361247947567
23 0.6316297208538589 0.49096880131362897 0.017405582922824365 0.02463054187192121
23 0.6430521346469624 0.4072249589490968 0.0163177339901479 0.021346469622331766
23 0.6310857963875205 0.4014778325123153 0.011966338259441614 0.013136288998357983
23 0.4592056650246306 0.4811165845648604 0.031547619047619054 0.031198686371100237
23 0.4575738916256158 0.6141215106732348 0.04568965517241381 0.041050903119868705
23 0.5048953201970444 0.658456486042693 0.011966338259441756 0.01477832512315274
23 0.5092467159277504 0.6362889983579639 0.009790640394088754 0.016420361247947497
23 0.357491789819376 0.3924466338259441 0.017405582922824365 0.021346469622331696
