23 0.2604519774011299 0.6313292825924741 0.09152542372881363 0.20296343673382353
20 0.37107951228307456 0.7823492322145357 0.2525151314334973 0.1946678875150276
20 0.3706214689265536 0.557989553352521 0.01129943502824858 0.011939025690224838
20 0.36666666666666664 0.5895426926766869 0.014689265536723183 0.01023345059162139
20 0.37570621468926546 0.6057456561134207 0.010169491525423666 0.011939025690224838
20 0.38361581920903953 0.5938066304231958 0.007909604519773978 0.02217247628184623
20 0.42146892655367224 0.5631062786483317 0.018079096045197786 0.025583626479053406
20 0.4344632768361582 0.5375226521692783 0.03502824858757059 0.06310627864833165
20 0.39830508474576265 0.6381515829868885 0.01920903954802256 0.04605052766229626
20 0.32090395480225986 0.5716341541413495 0.020338983050847474 0.08357317983157443
20 0.45819209039548014 0.620243044451551 0.028248587570621524 0.06822300394414242
20 0.4966101694915254 0.6441210958320007 0.01920903954802249 0.030700351774864174
