12 0.7248587570621448 0.37975695554844846 0.09830508474576635 0.06822300394414363
12 0.6841807909604518 0.3149451018015137 0.03954802259887018 0.13303485769107773
12 0.656497175141243 0.24757488540667302 0.06779661016949134 0.1074512312120243
12 0.6429378531073445 0.32432576484383324 0.04293785310734449 0.056283978253917545
12 0.5853107344632767 0.28595032512525315 0.06779661016949162 0.09210105532459234
12 0.5389830508474575 0.25780833599829445 0.06553672316384179 0.09039548022598871
12 0.623728813559322 0.21431617098390363 0.07683615819209046 0.08868990512738513
11 0.638608286128179 0.3480972569189926 0.1401129943502808 0.1817826406484485
11 0.8384180790960452 0.414721245069822 0.09717514124293772 0.22343033791706643
8 0.48594679934028595 0.7337565339217136 0.0926553672316379 0.18871431766252067
