23 0.412835866871405 0.6237476073484508 0.18101087737733854 0.17249043069186254
20 0.40903954802259884 0.690171623494297 0.009039548022598893 0.03070035177486403
20 0.4395480225988699 0.6799381729026756 0.022598870056497234 0.03070035177486403
20 0.46101694915254227 0.7140496748747467 0.022598870056497234 0.03752265216927825
20 0.43615819209039536 0.7174608250719539 0.015819209039548098 0.027289201577656998
20 0.36271186440677966 0.7481611768468182 0.01581920903954803 0.027289201577656998
20 0.41129943502824856 0.7822726788188894 0.01129943502824858 0.01364460078882857
20 0.4728813559322033 0.7575418398891375 0.010169491525423666 0.022172476281846373
20 0.49039548022598867 0.771186440677966 0.018079096045197716 0.025583626479053406
20 0.5163841807909604 0.7293998507621788 0.01355932203389834 0.03070035177486403
20 0.5344632768361581 0.6876132608463916 0.013559322033898268 0.01876132608463905
20 0.47570621468926544 0.6688519347617526 0.01129943502824858 0.015350175887432016
20 0.49152542372881347 0.620243044451551 0.015819209039547956 0.02046690118324278
20 0.48870056497175135 0.5972177806204029 0.012429378531073496 0.01193902569022498
20 0.5135593220338982 0.6330348576910777 0.010169491525423808 0.0221724762818463
20 0.5327683615819209 0.6432683082826991 0.014689265536723112 0.0221724762818463
20 0.5915254237288134 0.6799381729026757 0.012429378531073424 0.027289201577656998
20 0.5966101694915252 0.5605479160004263 0.020338983050847404 0.017055750986035532
20 0.4677966101694915 0.7831254663681909 0.009039548022598964 0.015350175887432016
20 0.3610169491525423 0.7097857371282379 0.01694915254237287 0.008527875493017803
23 0.3271186440677966 0.5673702163948405 0.03954802259887007 0.04775610276089957
23 0.35028248587570615 0.43177699605585756 0.02711864406779668 0.03922822726788191
23 0.38079096045197736 0.4044877944782006 0.013559322033898268 0.0221724762818463
23 0.39943502824858756 0.4138684575205202 0.012429378531073496 0.02046690118324278
