23 0.2617610837438424 0.5032840722495895 0.05004105090311981 0.1444991789819376
23 0.3471572249589491 0.3809523809523809 0.05112889983579642 0.08374384236453203
23 0.4651888341543514 0.3743842364532019 0.05874384236453196 0.08374384236453196
23 0.3128899835796388 0.5509031198686372 0.0609195402298851 0.07881773399014769
23 0.3014675697865353 0.48357963875205257 0.03372331691297209 0.059113300492610744
23 0.3313834154351396 0.46387520525451564 0.026108374384236407 0.03284072249589485
23 0.3156096059113301 0.7848932676518884 0.04460180623973731 0.04761904761904759
23 0.29385262725779965 0.7364532019704433 0.02719622331691301 0.04269293924466339
23 0.23674055829228244 0.6026272577996715 0.028284072249589443 0.050903119868637034
23 0.2797105911330049 0.6206896551724138 0.03807471264367816 0.027914614121510795
13 0.42221880131362893 0.6330049261083746 0.4079433497536946 0.6042692939244663
