20 0.4960451977401128 0.7763031659737769 0.01355932203389834 0.028994776676260443
20 0.531638418079096 0.8709625839462742 0.005649717514124361 0.027289201577656998
20 0.5717514124293784 0.8197953309881676 0.0361581920903955 0.06140070354972806
20 0.3649717514124293 0.802739580002132 0.013559322033898268 0.04093380236648528
20 0.3525423728813559 0.7814198912695874 0.01129943502824858 0.02217247628184623
20 0.3706214689265536 0.7430444515510074 0.02259887005649716 0.03752265216927839
20 0.4050847457627118 0.7669225029314571 0.032768361581920896 0.04093380236648556
20 0.3999999999999999 0.8274704189318836 0.013559322033898268 0.025583626479053406
20 0.41412429378531074 0.8581707707067477 0.0169491525423728 0.03240592687346762
20 0.3745762711864406 0.492324912056284 0.01920903954802256 0.040933802366485424
20 0.5158192090395479 0.5 0.06440677966101696 0.052872828056710404
20 0.5762711864406778 0.6065984436627225 0.03841807909604519 0.05457840315531392
20 0.6084745762711863 0.7302526383114806 0.016949152542372944 0.028994776676260586
20 0.5519774011299434 0.7421916640017057 0.032768361581920896 0.015350175887432016
20 0.5344632768361581 0.7737448033258714 0.03163841807909606 0.03411150197207121
20 0.40903954802259884 0.5588423409018227 0.05197740112994353 0.027289201577657067
20 0.3932203389830508 0.5332587144227695 0.02259887005649716 0.027289201577657067
20 0.37966101694915255 0.5869843300287816 0.01129943502824851 0.028994776676260443
