13 0.5501829998626327 0.6658166559042988 0.27631362889983635 0.139573070607555
13 0.6044334975369459 0.5911330049261084 0.11313628899835805 0.1494252873563218
13 0.5233887520525452 0.4605911330049261 0.07723727422003286 0.14121510673234824
13 0.5386186371100165 0.30377668308702793 0.05548029556650242 0.06403940886699509
13 0.3992405582922825 0.5722495894909688 0.02610837438423644 0.031198686371100237
13 0.3323378489326766 0.931855500821018 0.02502052545155994 0.027914614121510795
13 0.4960591133004927 0.8653530377668309 0.015229885057471294 0.04926108374384242
13 0.542836617405583 0.9031198686371098 0.02393267651888344 0.029556650246305338
13 0.576559934318555 0.8563218390804599 0.021756978653530438 0.031198686371100307
13 0.7484400656814449 0.812807881773399 0.030459770114942587 0.032840722495894994
13 0.6733784893267653 0.4326765188834154 0.017405582922824295 0.03776683087027919
23 0.4813731527093597 0.31034482758620685 0.03807471264367813 0.04597701149425284
23 0.30133415435139577 0.13957307060755336 0.05004105090311995 0.04926108374384237
23 0.7261391625615764 0.2569786535303777 0.05112889983579635 0.110016420361248
23 0.778988945191511 0.12594709257607145 0.11639983579638756 0.07464059448095738
