23 0.5370346772235858 0.26990786345958867 0.11327583563802063 0.13628899835796449
23 0.5805008210180626 0.3604269293924466 0.0826765188834154 0.10509031198686372
13 0.49384480172057393 0.39683947273993864 0.045689655172413864 0.15270935960591203
13 0.5908353858784894 0.4548440065681445 0.09246715927750408 0.08702791461412161
13 0.7415024630541873 0.4688013136288998 0.06309523809523811 0.08866995073891616
13 0.7317118226600985 0.5238095238095238 0.056568144499178886 0.05747126436781613
13 0.674055829228243 0.4917898193760263 0.056568144499179025 0.0656814449917897
13 0.8035098522167489 0.4950738916256158 0.026108374384236584 0.049261083743842346
13 0.8622536945812809 0.5779967159277504 0.026108374384236584 0.031198686371100168
13 0.8247229064039411 0.4031198686371101 0.016317733990147618 0.04926108374384242
13 0.7686986863711002 0.38013136288998356 0.03481116584564859 0.07553366174055831
13 0.7110426929392447 0.3095238095238095 0.017405582922824295 0.055829228243021306
13 0.6979885057471265 0.37520525451559933 0.02393267651888337 0.03940886699507388
13 0.6198470358191331 0.30904816101625987 0.0698121165770109 0.21787307290365057
13 0.4864018883415436 0.12807881773399013 0.016317733990147687 0.044334975369458116
13 0.5201252052545157 0.145320197044335 0.03372331691297198 0.06568144499178985
13 0.5625513136288999 0.13382594417077173 0.05765599343185549 0.06568144499178981
13 0.5456896551724139 0.0722495894909688 0.02610837438423651 0.04433497536945813
13 0.5766933497536947 0.053366174055829226 0.022844827586206904 0.03284072249589491
13 0.632173645320197 0.02873563218390805 0.02284482758620683 0.03284072249589491
13 0.6903735632183909 0.04679802955665025 0.02393267651888337 0.02627257799671593
13 0.6522988505747128 0.09852216748768473 0.04133825944170759 0.041050903119868615
13 0.6327175697865354 0.13711001642036127 0.02393267651888337 0.029556650246305428
13 0.73443144499179 0.23316912972085382 0.01849343185550069 0.04433497536945808
13 0.7534688013136289 0.1847290640394089 0.02828407224958957 0.06239737274220019
13 0.7861042692939244 0.1535303776683087 0.02828407224958937 0.0361247947454844
13 0.8116687192118226 0.20197044334975367 0.025020525451559906 0.037766830870279156
13 0.83125 0.2405582922824302 0.025020525451559906 0.03284072249589496
