8 0.5265536723163841 0.38060974309775075 0.1016949152542373 0.11427353160643847
23 0.36610169491525413 0.6142735316064385 0.05197740112994346 0.13132928259247414
23 0.40925879216152744 0.47167879943009716 0.08700564971751368 0.0660800742921788
13 0.42259887005649716 0.7012578616352201 0.11751412429378526 0.22001918771985943
13 0.5519774011299426 0.8300287815797884 0.01920903954802255 0.034111501972070815
13 0.6225988700564971 0.7532779021426288 0.02485875706214678 0.02387805138044982
13 0.5740112994350262 0.5324059268734673 0.11525423728813528 0.16202963436733903
13 0.6062146892655366 0.6407099456347936 0.055367231638418064 0.10915680631062784
13 0.5180790960451976 0.6142735316064385 0.016949152542372944 0.02558362647905348
13 0.47457627118644063 0.4667412855772305 0.11525423728813562 0.08186760473297092
13 0.46836158192090394 0.4061933695768042 0.030508474576271212 0.052872828056710335
13 0.5971751412429377 0.27656966208293354 0.01920903954802249 0.032405926873467585
