23 0.5799568965517242 0.33579638752052543 0.07506157635467986 0.09523809523809526
13 0.4635570607553366 0.3341543513957307 0.035899014778325196 0.032840722495894994
13 0.5233887520525451 0.28653530377668307 0.022844827586206904 0.02298850574712638
13 0.6125923645320198 0.286535303776683 0.025020525451559975 0.0361247947454844
13 0.6359811165845649 0.2889983579638752 0.02393267651888344 0.03119868637110013
13 0.6648091133004929 0.3234811165845648 0.027196223316912977 0.02134646962233173
13 0.7246408045977012 0.4014778325123152 0.011966338259441756 0.026272577996715965
13 0.7529248768472907 0.4655172413793104 0.022844827586206973 0.036124794745484363
13 0.7648912151067324 0.37848932676518887 0.011966338259441756 0.04597701149425284
13 0.789367816091954 0.41954022988505746 0.019581280788177367 0.01970443349753694
13 0.7502052545155994 0.40229885057471265 0.019581280788177367 0.021346469622331696
13 0.8111247947454845 0.5944170771756978 0.07614942528735626 0.11986863711001654
13 0.7518370279146143 0.7298850574712644 0.027196223316912977 0.05911330049261096
13 0.629997947454844 0.9293924466338259 0.027196223316912908 0.02463054187192128
13 0.45213464696223327 0.8316912972085386 0.01087848932676529 0.04597701149425291
13 0.4407122331691298 0.6108374384236452 0.02719622331691305 0.034482758620689606
13 0.47225985221674877 0.58128078817734 0.0184934318555009 0.041050903119868566
13 0.5739737274220031 0.5829228243021347 0.01522988505747108 0.021346469622331624
13 0.6387007389162562 0.6666666666666667 0.020669129720853902 0.031198686371100168
13 0.6827586206896552 0.48357963875205257 0.021756978653530296 0.02955665024630541
13 0.6387007389162561 0.4080459770114943 0.03589901477832498 0.04926108374384249
13 0.579412972085386 0.41461412151067323 0.0391625615763548 0.06896551724137943
13 0.5021756978653531 0.367816091954023 0.041338259441707735 0.05747126436781606
13 0.4918411330049261 0.43349753694581283 0.01849343185550083 0.041050903119868705
13 0.4896654351395731 0.4770114942528736 0.016317733990147756 0.02955665024630548
13 0.4401683087027915 0.5131362889983581 0.019581280788177367 0.03940886699507395
13 0.44506362889983575 0.4589490968801314 0.02937192118226598 0.05254515599343179
