13 0.5923076923076923 0.4629898403483309 0.019230769230769128 0.03773584905660371
13 0.39278846153846153 0.5972423802612482 0.02596153846153854 0.027576197387518136
13 0.45336538461538467 0.5820029027576198 0.029807692307692334 0.03773584905660371
10 0.2932692307692308 0.5689404934687954 0.02692307692307697 0.04063860667634259
10 0.4471153846153846 0.3759071117561683 0.025 0.03483309143686505
10 0.3663461538461539 0.37155297532656023 0.017307692307692336 0.03483309143686498
10 0.5408653846153847 0.3519593613933237 0.0278846153846154 0.030478955007256947
10 0.4283653846153846 0.28664731494920176 0.0682692307692308 0.03628447024673438
10 0.5033653846153846 0.2431059506531205 0.01826923076923066 0.03628447024673438
10 0.5033653846153846 0.28156748911465895 0.020192307692307593 0.03193033381712624
10 0.38846153846153847 0.17997097242380264 0.019230769230769197 0.037735849056603744
13 0.6346153846153847 0.33526850507982586 0.023076923076923137 0.02612481857764873
