8 0.2340141456272538 0.2405214754134488 0.16271186440677884 0.21149131222684095
20 0.3344632768361581 0.6159791067050421 0.04519774011299432 0.08016202963436733
20 0.3186440677966101 0.7387805138044985 0.013559322033898268 0.018761326084639193
20 0.29378531073446323 0.7541306896919305 0.015819209039548063 0.015350175887432158
20 0.2610169491525423 0.6458266709306044 0.009039548022598893 0.013644600788828499
20 0.39943502824858756 0.6031872934655155 0.012429378531073496 0.02046690118324264
20 0.43276836158192084 0.36270120456241345 0.01129943502824858 0.020466901183242712
20 0.44915254237288127 0.3695235049568277 0.012429378531073424 0.02046690118324278
20 0.42881355932203385 0.6466794584799063 0.01694915254237287 0.02558362647905348
20 0.36949152542372876 0.7396333013538002 0.020338983050847474 0.03411150197207121
20 0.41468926553672314 0.7379277262551966 0.02485875706214685 0.027289201577656855
20 0.49491525423728805 0.5921010553245922 0.02485875706214692 0.09721778062040293
