11 0.6225988700564971 0.6228014070994563 0.13333333333333336 0.2268414881142735
23 0.48135593220338974 0.4667412855772305 0.03163841807909606 0.05116725295810674
23 0.514689265536723 0.4505383221404967 0.08474576271186429 0.069928579042746
23 0.5096045197740112 0.6756742351561666 0.061016949152542355 0.07675087943716015
11 0.44350282485875697 0.5238780513804498 0.04180790960451979 0.09039548022598864
11 0.46666666666666656 0.585278754930178 0.04519774011299432 0.052872828056710335
8 0.5237288135593219 0.6057456561134207 0.025988700564971694 0.06651742884553875
8 0.4875706214689265 0.5571367658032194 0.03050847457627114 0.047756102760899706
8 0.4209039548022598 0.7456028141989127 0.055367231638418064 0.11086238140923144
20 0.46666666666666656 0.6679991472124507 0.16949152542372872 0.26265856518494823
