21 0.7119971264367817 0.5147783251231527 0.020669129720854044 0.03776683087027912
21 0.6945915435139574 0.4573070607553366 0.025020525451559906 0.027914614121510722
21 0.7054700328407226 0.40558292282430214 0.029371921182265906 0.08538587848932672
21 0.6494458128078818 0.3990147783251231 0.015229885057471365 0.02955665024630541
21 0.6744663382594419 0.429392446633826 0.021756978653530296 0.03776683087027912
10 0.7273482256766753 0.6290867308093602 0.03683428076463519 0.04329391884173594
10 0.5711206896551725 0.4252873563218391 0.12401477832512306 0.15106732348111657
10 0.6521654351395729 0.45894909688013136 0.020669129720853902 0.07389162561576355
10 0.5537151067323481 0.5755336617405582 0.034811165845648445 0.09031198686371084
13 0.5689449917898195 0.3160919540229885 0.08050082101806233 0.07389162561576355
13 0.6200738916256158 0.21428571428571427 0.028284072249589443 0.04761904761904759
13 0.6804495073891627 0.27668308702791455 0.020669129720853902 0.031198686371100202
13 0.7049261083743842 0.21674876847290642 0.017405582922824295 0.022988505747126454
13 0.8534174876847291 0.4614121510673235 0.02066912972085376 0.042692939244663324
13 0.6722906403940887 0.6617405582922825 0.02828407224958937 0.029556650246305338
13 0.6896962233169129 0.7397372742200329 0.021756978653530438 0.03776683087027905
13 0.6108271756978654 0.7027914614121511 0.03807471264367805 0.03612479474548451
13 0.7261391625615764 0.6477832512315271 0.025020525451560048 0.031198686371100168
13 0.7854269293924466 0.6740558292282429 0.010878489326765219 0.03776683087027905
