11 0.48813559322033734 0.5562839782539156 0.17175141242937897 0.23366378850868683
8 0.38566176495196314 0.4749004509176681 0.14576271186440592 0.25512011783320176
13 0.447457627118644 0.29788935081547807 0.02485875706214685 0.030700351774864066
13 0.5112994350282485 0.34820381622428315 0.02146892655367232 0.035817077070674726
13 0.39265536723163835 0.3430870909284724 0.11638418079096041 0.10404008101481715
13 0.5084745762711864 0.4326297836051593 0.06553672316384179 0.05116725295810681
13 0.18813559322033896 0.8436733823686174 0.059887005649717474 0.0716341541413496
13 0.06553672316384179 0.7592474149877413 0.02259887005649718 0.02558362647905355
13 0.13446327683615816 0.7268414881142735 0.009039548022598876 0.025583626479053264
13 0.2033898305084745 0.6705575098603549 0.03615819209039533 0.20296343673382353
13 0.24237288135593218 0.790800554311907 0.016949152542372836 0.03411150197207121
13 0.29435028248587564 0.7353693636072913 0.016949152542372906 0.018761326084639193
13 0.307909604519774 0.7038162242831254 0.02146892655367232 0.02046690118324264
13 0.36158192090395475 0.7575418398891375 0.03163841807909598 0.02558362647905355
13 0.42824858757062145 0.7396333013538002 0.02485875706214692 0.02046690118324278
13 0.471186440677966 0.7464556017482145 0.013559322033898268 0.03752265216927839
13 0.48700564971751403 0.6961411363394094 0.02485875706214692 0.035817077070674656
13 0.5090395480225988 0.7302526383114807 0.01694915254237287 0.03240592687346762
13 0.531638418079096 0.6773798102547702 0.0169491525423728 0.028994776676260586
13 0.7548022598870056 0.7421916640017057 0.02259887005649716 0.03922822726788198
13 0.6587570621468928 0.47441637352094657 0.020338983050847474 0.0221724762818463
13 0.37533269591194524 0.6420619443209635 0.17129325021266908 0.07219878586181644
