20 0.40282485875706214 0.4428632341967807 0.023728813559322007 0.05457840315531392
20 0.42372881355932196 0.5204669011832427 0.03841807909604519 0.08698433002878148
20 0.4604519774011298 0.4411576590981771 0.05762711864406775 0.06822300394414242
20 0.5090395480225988 0.465035710478627 0.03954802259887003 0.07163415414134945
20 0.5163841807909604 0.5511672529581069 0.06553672316384172 0.042639377465089015
20 0.4864406779661016 0.740486088903102 0.048587570621469 0.0358170770706748
20 0.4785310734463276 0.7046690118324273 0.014689265536723183 0.028994776676260443
20 0.4576271186440677 0.7063745869310307 0.01355932203389834 0.025583626479053264
20 0.5536723163841807 0.727694275663575 0.013559322033898268 0.02387805138044982
20 0.5813559322033898 0.7166080375226521 0.010169491525423737 0.02217247628184623
20 0.6084745762711864 0.7217247628184629 0.014689265536723254 0.015350175887432016
20 0.6231638418079095 0.705521799381729 0.023728813559322007 0.03411150197207121
20 0.6344632768361581 0.7251359130156699 0.014689265536723254 0.02217247628184623
20 0.5186440677966101 0.6842021106491845 0.03841807909604526 0.046050527662296045
20 0.43446327683615815 0.6364460078882848 0.03728813559322035 0.0358170770706748
23 0.5485875706214689 0.4002238567316917 0.03502824858757066 0.07504530433855663
23 0.5559322033898304 0.5017055750986036 0.02485875706214678 0.035817077070674726
23 0.6333333333333333 0.4735635859716448 0.03728813559322028 0.11256795650783502
23 0.6163841807909604 0.6159791067050422 0.03954802259887003 0.1108623814092315
23 0.4932203389830508 0.3985182816330881 0.025988700564971694 0.03411150197207114
20 0.45197740112994345 0.37122908005543115 0.01129943502824858 0.02046690118324278
20 0.43276836158192084 0.38913761859076856 0.009039548022598964 0.01876132608463905
20 0.38474576271186434 0.5315531393241659 0.01920903954802256 0.02387805138044989
