12 0.35137520525451565 0.5188834154351396 0.12183908045977013 0.1083743842364531
12 0.3366892446633827 0.6001642036124795 0.08811576354679808 0.11658456486042681
12 0.2627155172413793 0.6198686371100165 0.07941297208538586 0.17241379310344832
23 0.18711001642036126 0.4967159277504105 0.0805008210180624 0.11658456486042695
23 0.15066707717569788 0.42610837438423643 0.02719622331691296 0.08374384236453203
23 0.3263546798029558 0.41050903119868637 0.026108374384236476 0.019704433497537012
23 0.27359400656814453 0.44417077175697856 0.04677750410509041 0.08702791461412154
23 0.3160201149425288 0.44252873563218387 0.020669129720853868 0.047619047619047665
23 0.18547824302134647 0.3858784893267652 0.031547619047619054 0.032840722495894925
23 0.2665229885057471 0.29146141215106736 0.03263546798029559 0.041050903119868636
