20 0.2350282485875706 0.592953842873894 0.04519774011299436 0.07163415414134952
20 0.2587570621468926 0.6688519347617524 0.04293785310734464 0.06310627864833172
20 0.27909604519774006 0.7293998507621788 0.04067796610169495 0.054578403155313995
20 0.36723163841807904 0.7191664001705576 0.029378531073446366 0.0443449525636926
20 0.3932203389830508 0.728547063212877 0.020338983050847404 0.052872828056710404
20 0.4333333333333333 0.6756742351561666 0.03276836158192083 0.042639377465089015
20 0.4169491525423728 0.43774650890097005 0.013559322033898268 0.02387805138044989
20 0.4282485875706214 0.4923249120562839 0.01129943502824858 0.02387805138044989
20 0.4322033898305084 0.5221724762818463 0.010169491525423737 0.02558362647905348
20 0.4350282485875705 0.5545784031553139 0.009039548022598822 0.028994776676260443
20 0.4548022598870055 0.6415627331840955 0.014689265536723183 0.025583626479053406
20 0.2949152542372881 0.5776036669864619 0.01581920903954803 0.017055750986035605
20 0.29435028248587564 0.5554311907046157 0.01242937853107346 0.027289201577656925
20 0.21864406779661014 0.5358170770706748 0.01920903954802263 0.03240592687346769
20 0.27909604519774006 0.4053405820275024 0.01581920903954803 0.03752265216927839
20 0.26666666666666666 0.33541200298475643 0.006779661016949099 0.02387805138044982
20 0.21751412429378525 0.42154354546423617 0.012429378531073424 0.022172476281846373
20 0.23954802259887004 0.4957360622534911 0.009039548022598858 0.02387805138044975
20 0.2564971751412429 0.5392282272678819 0.01129943502824858 0.025583626479053406
20 0.26779661016949147 0.5724869416906513 0.02485875706214685 0.02387805138044975
20 0.35028248587570615 0.5025583626479054 0.020338983050847474 0.027289201577656998
20 0.32485875706214684 0.6100095938599296 0.010169491525423666 0.02387805138044989
20 0.28870056497175134 0.6637352094659419 0.016949152542372906 0.015350175887432158
20 0.30564971751412423 0.6739686600575632 0.014689265536723183 0.015350175887432016
20 0.3090395480225988 0.6969939238887112 0.01242937853107346 0.01023345059162125
20 0.30734463276836155 0.7251359130156699 0.01581920903954803 0.02217247628184623
20 0.3372881355932203 0.7387805138044985 0.010169491525423808 0.022172476281846373
