13 0.35 0.3613933236574745 0.017307692307692264 0.04063860667634252
13 0.5956730769230769 0.5333817126269956 0.018269230769230732 0.03918722786647315
13 0.2855769230769231 0.44847605224963716 0.07307692307692314 0.11611030478955002
13 0.37067307692307694 0.4129172714078375 0.020192307692307666 0.04208998548621189
13 0.28076923076923077 0.5573294629898403 0.021153846153846204 0.03773584905660371
13 0.3504807692307692 0.5094339622641509 0.0721153846153846 0.08417997097242377
13 0.3057692307692308 0.5849056603773585 0.0480769230769231 0.05805515239477501
8 0.42494513995795785 0.6254277354031245 0.17307692307692257 0.1604698631729275
13 0.4807692307692307 0.49419448476052247 0.02115384615384613 0.0246734397677794
13 0.4807692307692308 0.5203193033381713 0.023076923076923137 0.024673439767779328
13 0.4221153846153846 0.4375907111756169 0.05384615384615387 0.06240928882438318
23 0.5129807692307692 0.5849056603773586 0.11057692307692307 0.0986937590711176
23 0.5298076923076923 0.5224963715529753 0.06923076923076919 0.046444121915820064
13 0.39471153846153845 0.7772133526850508 0.014423076923076934 0.036284470246734486
13 0.37932692307692306 0.7496371552975327 0.016346153846153868 0.03047895500725687
13 0.5096153846153847 0.7474600870827285 0.0403846153846154 0.03483309143686498
13 0.4692307692307692 0.7808417997097243 0.021153846153846204 0.026124818577648767
13 0.5682692307692307 0.555878084179971 0.019230769230769197 0.02612481857764884
23 0.3360576923076923 0.45283018867924524 0.0336538461538462 0.06676342525399129
