8 0.4192090395480226 0.43177699605585756 0.10621468926553675 0.0801620296343674
8 0.5271186440677965 0.4880609743097751 0.0824858757062146 0.09380663042319583
10 0.6225988700564971 0.4053405820275024 0.022598870056497234 0.030700351774864174
10 0.3915254237288135 0.32006182709732434 0.025988700564971764 0.020466901183242747
10 0.3536723163841808 0.4113100948726148 0.020338983050847474 0.028994776676260513
10 0.3576271186440678 0.4624773478307216 0.014689265536723112 0.025583626479053337
10 0.4451977401129942 0.36525956721031866 0.01129943502824858 0.028994776676260586
10 0.45988700564971746 0.3490566037735849 0.018079096045197786 0.02387805138044982
10 0.44689265536723155 0.27998081228014066 0.01694915254237287 0.01876132608463916
10 0.49378531073446325 0.28680311267455494 0.03389830508474574 0.025583626479053406
10 0.5254237288135591 0.2842447500266496 0.01581920903954803 0.030700351774864104
10 0.5627118644067796 0.36867071740752577 0.022598870056497234 0.08016202963436733
10 0.5813559322033898 0.4394520839995736 0.010169491525423737 0.027289201577656998
10 0.5977401129943501 0.4633301353800235 0.02485875706214692 0.04093380236648549
20 0.4819209039548011 0.45139110968979695 0.24519774011299467 0.3854599722844034
