13 0.7076923076923077 0.8976777939042091 0.02884615384615387 0.03338171262699561
13 0.7740384615384616 0.9063860667634254 0.023076923076923064 0.0740203193033382
13 0.9091346153846155 0.637155297532656 0.029807692307692264 0.03193033381712631
13 0.58125 0.6088534107402032 0.020192307692307735 0.03338171262699568
13 0.6 0.6132075471698114 0.01923076923076927 0.030478955007256947
13 0.6855769230769232 0.7648766328011611 0.01538461538461533 0.04063860667634259
13 0.6918269230769231 0.7039187227866474 0.016346153846153868 0.037735849056603855
13 0.6788461538461539 0.6814223512336719 0.017307692307692406 0.039187227866473225
13 0.6341346153846155 0.6364296081277213 0.020192307692307808 0.04208998548621189
13 0.6110576923076922 0.6618287373004353 0.014423076923077005 0.014513788098693681
13 0.5947115384615385 0.63933236574746 0.022115384615384526 0.024673439767779474
13 0.6620192307692306 0.7031930333817127 0.016346153846153726 0.027576197387517994
13 0.6701923076923078 0.7191582002902757 0.025 0.03628447024673434
13 0.6509615384615384 0.6603773584905661 0.02115384615384613 0.023222060957910032
19 0.6206730769230769 0.7285921625544266 0.11634615384615386 0.17706821480406382
