4 0.49225164203612487 0.2586206896551726 0.10334564860426937 0.14614121510673234
11 0.3094930213464696 0.4351395730706077 0.08594006568144504 0.12479474548440052
11 0.24367816091954025 0.5229885057471266 0.10225779967159283 0.20853858784893275
11 0.17568760262725783 0.47372742200328416 0.1338054187192118 0.3234811165845648
11 0.23769499178981937 0.2799671592775043 0.12727832512315274 0.2545155993431855
11 0.4079433497536947 0.7093596059113303 0.07614942528735633 0.13464696223316908
11 0.5651375205254516 0.5582922824302137 0.04025041050903113 0.08210180623973727
11 0.46016009852216755 0.6059113300492612 0.06744663382594418 0.05582922824302138
11 0.47756568144499184 0.5353037766830872 0.06309523809523818 0.05254515599343179
12 0.5266522988505747 0.6986863711001642 0.07288587848932672 0.0656814449917897
12 0.5538485221674877 0.7405582922824303 0.05330459770114949 0.09688013136289002
12 0.5805008210180624 0.8144499178981937 0.06527093596059118 0.18226600985221653
12 0.6408764367816091 0.8021346469622331 0.062007389162561634 0.13793103448275842
12 0.5761494252873564 0.91871921182266 0.04568965517241388 0.08538587848932679
12 0.5293719211822662 0.9277504105090312 0.05874384236453196 0.07060755336617404
12 0.44819376026272617 0.8628899835796398 0.15012315270935925 0.22167487684728993
12 0.5194478653530379 0.6108374384236455 0.048953201970443415 0.06896551724137921
