6 0.2443464343048078 0.7018520064264523 0.09397415764100003 0.12512668180651756
8 0.13380541871921187 0.5804597701149429 0.11531198686371097 0.17898193760262784
13 0.5673132183908051 0.5065681444991799 0.1555623973727421 0.29392446633826064
13 0.6821592910639734 0.7417052709158389 0.1805829228243019 0.12559088759530698
13 0.7451765188834153 0.7126436781609198 0.08702791461412161 0.03612479474548451
13 0.6048440065681445 0.2766830870279148 0.056568144499179025 0.05090311986863718
13 0.6472701149425287 0.3259441707717572 0.10878489326765177 0.06732348111658457
13 0.6728345648604269 0.4376026272577998 0.05330459770114942 0.15927750410509028
23 0.7642196769761547 0.39009680940502867 0.12268680633917178 0.05743648176774984
4 0.7658456486042694 0.3456486042692942 0.11096059113300463 0.1625615763546798
