13 0.20628078817733994 0.4704433497536945 0.07179802955665028 0.1477832512315271
13 0.2699199507389163 0.5155993431855501 0.0663587848932676 0.1888341543513959
13 0.35857963875205257 0.5377668308702792 0.11966338259441713 0.17733990147783252
13 0.676231527093596 0.5821018062397373 0.13706896551724143 0.2101806239737274
13 0.43309729064039415 0.8185550082101806 0.11422413793103445 0.15435139573070614
13 0.5701662561576355 0.7840722495894908 0.14468390804597697 0.17405582922824295
13 0.7007081280788177 0.8144499178981937 0.1011699507389163 0.2315270935960588
13 0.7779454022988506 0.6625615763546798 0.10769704433497523 0.2003284072249589
13 0.7409585385878489 0.44581280788177335 0.16208949096880118 0.18062397372742203
13 0.6055213464696224 0.3472906403940887 0.1305418719211824 0.16091954022988514
11 0.5640707145881177 0.4686542181312687 0.16903120923124992 0.4121510673234849
