20 0.6011299435028247 0.6697047223110542 0.05197740112994353 0.04775610276089978
20 0.5937853107344631 0.5315531393241659 0.028248587570621524 0.07504530433855656
20 0.6485875706214689 0.5409338023664851 0.022598870056497234 0.028994776676260513
20 0.6570621468926552 0.4582134100842128 0.01694915254237273 0.03752265216927839
20 0.6192090395480225 0.34820381622428315 0.022598870056497234 0.018761326084639124
20 0.610734463276836 0.4351881462530646 0.02824858757062145 0.03922822726788191
20 0.4220338983050847 0.36099562946380986 0.023728813559322007 0.027289201577656998
20 0.4779661016949152 0.635593220338983 0.01129943502824858 0.020466901183242712
20 0.43276836158192084 0.6398571580854919 0.013559322033898268 0.01193902569022491
20 0.38870056497175137 0.6381515829868885 0.013559322033898268 0.02558362647905348
20 0.3689265536723163 0.8112674554951497 0.05084745762711861 0.06140070354972821
20 0.3610169491525423 0.740486088903102 0.055367231638418064 0.06310627864833193
20 0.40621468926553667 0.7123440997761432 0.014689265536723183 0.02046690118324278
20 0.3265536723163841 0.6884660483956934 0.020338983050847404 0.027289201577656855
20 0.4203389830508474 0.8129730305937534 0.020338983050847474 0.02387805138044982
20 0.28192090395480224 0.8863127598337064 0.04180790960451979 0.03070035177486403
20 0.3734463276836158 0.891429485129517 0.08022598870056498 0.04775610276089964
20 0.5096045197740112 0.8897239100309136 0.029378531073446224 0.027289201577656855
20 0.23615819209039543 0.4820914614646626 0.01581920903954799 0.02046690118324264
20 0.2 0.6014817183669118 0.013559322033898305 0.02046690118324278
20 0.20508474576271182 0.7319582134100842 0.012429378531073424 0.008527875493017803
20 0.16892655367231638 0.7814198912695874 0.012429378531073496 0.02217247628184623
20 0.26271186440677957 0.8197953309881675 0.016949152542372906 0.017055750986035463
20 0.19209039548022594 0.4565078349856091 0.02033898305084744 0.01023345059162132
