20 0.39943502824858756 0.6535017588743205 0.07796610169491522 0.10404008101481722
20 0.4627118644067796 0.596364993071101 0.03728813559322035 0.0443449525636926
20 0.46271186440677964 0.6517961837757169 0.01920903954802263 0.028994776676260513
20 0.4259887005649717 0.751572327044025 0.03163841807909606 0.06481185374693538
20 0.32146892655367226 0.6023345059162136 0.03050847457627107 0.0494616778595033
20 0.34463276836158185 0.5366698646199766 0.01581920903954803 0.02387805138044982
20 0.359322033898305 0.5 0.029378531073446366 0.0494616778595033
20 0.44689265536723155 0.5119390256902249 0.012429378531073424 0.022172476281846373
20 0.4898305084745762 0.42921863340795224 0.014689265536723183 0.02387805138044989
20 0.49322033898305073 0.472710798422343 0.01694915254237287 0.022172476281846373
20 0.5887005649717513 0.6313292825924741 0.013559322033898197 0.02217247628184623
