10 0.5555189673672801 0.39053903058110995 0.13964174444830504 0.1361323128075283
13 0.7110576923076922 0.37155297532656023 0.0182692307692308 0.037735849056603786
13 0.7182692307692308 0.47024673439767783 0.02115384615384613 0.02322206095790996
13 0.7173076923076923 0.5145137880986937 0.013461538461538396 0.027576197387518136
13 0.5591346153846154 0.6400580551523948 0.10480769230769241 0.09869375907111752
13 0.48365384615384616 0.3613933236574746 0.036538461538461534 0.11901306240928883
13 0.6074630111769167 0.46629099478122726 0.17136435877263625 0.0928882438316402
13 0.5115384615384616 0.5674891146589259 0.021153846153846204 0.05224963715529753
13 0.4649038461538461 0.4825834542815675 0.0125 0.03047895500725687
13 0.625 0.5928882438316401 0.04423076923076934 0.047895500725689356
13 0.6903846153846155 0.46081277213352684 0.030769230769230802 0.10595065312046444
11 0.5254807692307693 0.52322206095791 0.08557692307692306 0.11465892597968072
8 0.6326923076923077 0.5007256894049348 0.13461538461538447 0.15384615384615377
