11 0.29855769230769225 0.17271407837445574 0.16249999999999998 0.16255442670537013
13 0.35528846153846155 0.6574746008708274 0.041346153846153866 0.06386066763425262
13 0.3524038461538461 0.5972423802612482 0.060576923076922994 0.050798258345428164
13 0.39086538461538467 0.4949201741654572 0.014423076923076863 0.037735849056603786
13 0.4091346153846154 0.49854862119013066 0.010576923076923065 0.03628447024673442
13 0.43509615384615385 0.8178519593613933 0.025961538461538466 0.027576197387518278
13 0.47884615384615387 0.8439767779390422 0.01923076923076927 0.027576197387518136
13 0.4625 0.8635703918722786 0.023076923076923064 0.029027576197387505
13 0.5043269230769231 0.683599419448476 0.056730769230769196 0.09579100145137887
13 0.4706730769230769 0.6277213352685052 0.016346153846153868 0.021770682148040663
13 0.43317307692307694 0.5050798258345428 0.018269230769230732 0.029027576197387505
13 0.4355769230769231 0.5805515239477503 0.05769230769230774 0.08998548621190132
7 0.5041107579797882 0.6140924310925633 0.11534531177713897 0.2656023222060956
