20 0.2367231638418079 0.5895426926766869 0.019209039548022597 0.03411150197207121
20 0.26553672316384175 0.5511672529581069 0.011299435028248617 0.022172476281846158
20 0.3084745762711864 0.5571367658032191 0.01581920903954803 0.02387805138044989
20 0.2943502824858757 0.5656646412962371 0.014689265536723183 0.01023345059162132
20 0.3169491525423728 0.6577656966208294 0.016949152542372836 0.037522652169278456
20 0.21186440677966098 0.42921863340795224 0.010169491525423702 0.017055750986035532
20 0.27344632768361576 0.36525956721031877 0.011299435028248617 0.028994776676260586
20 0.45084745762711864 0.3123867391536084 0.01129943502824858 0.022172476281846334
20 0.46101694915254227 0.3166506769001172 0.01129943502824858 0.013644600788828534
20 0.4762711864406779 0.42921863340795224 0.007909604519773978 0.020466901183242712
20 0.46214689265536707 0.5349642895213722 0.020338983050847567 0.051167252958106826
