20 0.39039548022598863 0.7123440997761432 0.08926553672316388 0.08527875493017788
20 0.3480225988700565 0.6381515829868883 0.07231638418079094 0.13474043278968126
20 0.42994350282485866 0.6023345059162136 0.0892655367231638 0.0494616778595033
20 0.4762711864406779 0.6552073339729241 0.04180790960451979 0.028994776676260586
20 0.4587570621468926 0.7387805138044985 0.04519774011299425 0.04605052766229633
20 0.3791237216542667 0.5762880910912608 0.10265842576431237 0.04773624508110217
20 0.32146892655367226 0.5059695128451125 0.02598870056497173 0.02387805138044975
20 0.3293785310734462 0.4820914614646626 0.014689265536723112 0.027289201577656998
20 0.34350282485875705 0.4309242085065558 0.015819209039547956 0.013644600788828428
20 0.43841807909604513 0.42154354546423617 0.01129943502824858 0.025583626479053406
20 0.43954802259886994 0.4667412855772306 0.05423728813559322 0.04093380236648556
20 0.567231638418079 0.6927299861422023 0.01129943502824851 0.025583626479053406
20 0.5158192090395479 0.8001812173542266 0.012429378531073424 0.035817077070674656
20 0.43841807909604513 0.8018867924528302 0.01581920903954803 0.028994776676260443
20 0.5056497175141241 0.6228014070994563 0.032768361581920896 0.02558362647905348
20 0.510734463276836 0.7166080375226521 0.020338983050847474 0.03922822726788183
