20 0.2977401129943502 0.32347297729453145 0.03502824858757066 0.05116725295810681
20 0.3265536723163841 0.4113100948726148 0.022598870056497092 0.11086238140923137
20 0.2802259887005649 0.38828483104146677 0.020338983050847474 0.02046690118324264
20 0.3056497175141243 0.42751305830934866 0.02824858757062149 0.03411150197207128
20 0.2728813559322033 0.5409338023664855 0.03276836158192094 0.0221724762818463
20 0.2350282485875706 0.5144973883381303 0.0225988700564972 0.020466901183242712
20 0.24631580859069352 0.5322177229674266 0.13942126266931826 0.10572442545029444
20 0.16892655367231638 0.6296237074938705 0.025988700564971764 0.04946167785950323
20 0.07627118644067794 0.4513911096897985 0.02146892655367231 0.05457840315531392
20 0.08983050847457626 0.267188999040614 0.014689265536723166 0.027289201577656925
20 0.1406779661016949 0.2279607717727321 0.016949152542372888 0.034111501972071176
20 0.19378531073446326 0.19384926980066092 0.014689265536723183 0.01023345059162139
8 0.4073446327683615 0.21772732118111077 0.10734463276836159 0.17055750986035606
