20 0.3898305084745762 0.488060974309775 0.018079096045197786 0.0494616778595033
20 0.3932203389830508 0.5451977401129944 0.02259887005649716 0.040933802366485424
20 0.28813559322033894 0.31579788935081543 0.027118644067796644 0.01876132608463916
20 0.4423728813559321 0.267188999040614 0.010169491525423666 0.030700351774864066
20 0.4559322033898304 0.2543971858010873 0.01920903954802256 0.018761326084639193
20 0.4807909604519773 0.29618377571687454 0.023728813559322007 0.01705575098603557
20 0.4559322033898304 0.3064172263084959 0.010169491525423808 0.013644600788828462
20 0.44519774011299423 0.3490566037735849 0.027118644067796537 0.06481185374693535
20 0.48474576271186437 0.5162029634367338 0.015819209039547956 0.08186760473297092
20 0.5101694915254236 0.5417865899157872 0.012429378531073424 0.013644600788828428
