23 0.5881157635467982 0.44499178981937604 0.08702791461412168 0.047619047619047734
23 0.5946428571428573 0.509031198686371 0.05221674876847295 0.06075533661740558
23 0.6414203612479475 0.5755336617405583 0.06527093596059111 0.036124794745484363
23 0.44125615763546805 0.59688013136289 0.03263546798029559 0.055829228243021375
23 0.47878694581280795 0.6543513957307061 0.0402504105090312 0.07881773399014776
23 0.5038074712643679 0.5180623973727423 0.0380747126436782 0.03612479474548444
23 0.4983682266009852 0.8054187192118226 0.027196223316912908 0.04269293924466339
23 0.6876539408866995 0.6691297208538587 0.04025041050903113 0.062397372742200335
8 0.5490839170598104 0.5714391190290043 0.04025368574911742 0.13800471521488095
23 0.5352216748768474 0.4605911330049261 0.03481116584564866 0.047619047619047665
11 0.4112068965517242 0.28243021346469616 0.11531198686371098 0.24302134646962226
13 0.6091954022988506 0.6264367816091955 0.3785714285714284 0.5139573070607552
