20 0.11299435028248585 0.4957360622534911 0.01581920903954801 0.013644600788828428
20 0.1429378531073446 0.4735635859716448 0.019209039548022614 0.02046690118324278
20 0.1971751412429378 0.42666027076004687 0.012429378531073424 0.025583626479053406
20 0.1909604519774011 0.5102334505916213 0.009039548022598893 0.018761326084639193
20 0.19435028248587563 0.7072273744803326 0.011299435028248617 0.02387805138044982
20 0.16892655367231632 0.6569129090715277 0.014689265536723149 0.011939025690224838
20 0.18644067796610167 0.6151263191557403 0.009039548022598858 0.020466901183242712
20 0.13954802259887003 0.4258074832107451 0.01242937853107346 0.013644600788828499
20 0.15932203389830507 0.37549301780194017 0.009039548022598858 0.008527875493017803
20 0.17570621468926553 0.36525956721031877 0.016949152542372836 0.015350175887432087
20 0.2864406779661017 0.5093806630423195 0.016949152542372906 0.01023345059162132
