23 0.4075328407224958 0.4556650246305419 0.07179802955665025 0.11165845648604276
13 0.5826765188834154 0.3604269293924466 0.06527093596059111 0.10837438423645317
13 0.6501231527093597 0.471264367816092 0.06962233169129725 0.13300492610837444
13 0.7632594417077178 0.31034482758620685 0.013054187192118292 0.03776683087027912
13 0.3346469622331692 0.8308702791461411 0.028284072249589443 0.04105090311986842
13 0.35857963875205257 0.8686371100164203 0.02610837438423651 0.02463054187192128
13 0.5630952380952381 0.7068965517241378 0.054392446633825954 0.05911330049261082
13 0.6229269293924468 0.6773399014778326 0.03263546798029559 0.04597701149425276
13 0.3651067323481117 0.45402298850574707 0.021756978653530438 0.049261083743842346
13 0.35368431855500826 0.3957307060755336 0.02066912972085376 0.034482758620689606
13 0.382512315270936 0.35385878489326766 0.02610837438423644 0.02955665024630548
13 0.514685960591133 0.32101806239737274 0.027196223316912977 0.039408866995073843
13 0.5674466338259443 0.26683087027914615 0.015229885057471365 0.03940886699507388
13 0.4320094417077176 0.6362889983579639 0.01849343185550083 0.03612479474548451
