23 0.7052884615384615 0.41509433962264153 0.1009615384615384 0.14513788098693758
13 0.6725961538461539 0.7641509433962264 0.03365384615384613 0.039187227866473225
13 0.6360576923076923 0.6146589259796807 0.1240384615384616 0.24528301886792447
23 0.7576923076923078 0.604499274310595 0.030769230769230802 0.050798258345428164
23 0.7086538461538461 0.5994194484760523 0.01923076923076934 0.0493468795355588
13 0.5822115384615385 0.42888243831640055 0.11826923076923074 0.18722786647314954
13 0.48269230769230775 0.5224963715529753 0.02500000000000007 0.049346879535558726
13 0.5509615384615384 0.6364296081277213 0.04615384615384606 0.07402031930333827
13 0.670673076923077 0.3280116110304789 0.0375 0.037735849056603786
13 0.7283653846153847 0.5341074020319304 0.05673076923076934 0.0725689404934689
